---- RUN 1: 4 PROCESSORS w/ SEED srand(452) ----

UNSORTED ARRAY : |432| 42| 41| 497| 248| 38| 178| 500| 70| 331| 18| 107| 344| 265| 450| 372| 176| 145| 172| 423| 187| 79| 226| 241| 297| 61| 229| 361| 442| 159| 363| 374| 448| 150| 116| 195| 435| 40| 441| 252| 372| 206| 359| 462| 471| 55| 333| 393| 447| 4| 316| 133| 331| 41| 121| 374| 349| 350| 234| 291| 255| 343| 411| 449| 240| 26| 143| 174| 66| 330| 426| 184| 35| 31| 145| 5| 333| 225| 145| 279| 476| 461| 159| 306| 248| 280| 426| 344| 376| 406| 134| 130| 249| 291| 78| 235| 63| 468| 155| 376| 297| 328| 307| 79| 359| 198| 331| 191| 423| 476| 216| 399| 436| 375| 451| 431| 154| 377| 274| 29| 282| 154| 406| 277| 445| 230| 11| 254|

SORTED ARRAY : |4| 5| 11| 18| 26| 29| 31| 35| 38| 40| 41| 41| 42| 55| 61| 63| 66| 70| 78| 79| 79| 107| 116| 121| 130| 133| 134| 143| 145| 145| 145| 150| 154| 154| 155| 159| 159| 172| 174| 176| 178| 184| 187| 191| 195| 198| 206| 216| 225| 226| 229| 230| 234| 235| 240| 241| 248| 248| 249| 252| 254| 255| 265| 274| 277| 279| 280| 282| 291| 291| 297| 297| 306| 307| 316| 328| 330| 331| 331| 331| 333| 333| 343| 344| 344| 349| 350| 359| 359| 361| 363| 372| 372| 374| 374| 375| 376| 376| 377| 393| 399| 406| 406| 411| 423| 423| 426| 426| 431| 432| 435| 436| 441| 442| 445| 447| 448| 449| 450| 451| 461| 462| 468| 471| 476| 476| 497| 500| END

---- RUN 2: 24 PROCESSORS w/ SEED srand(904) ----

UNSORTED ARRAY : |466| 321| 462| 45| 282| 449| 365| 498| 272| 190| 104| 56| 69| 105| 320| 448| 444| 4| 213| 479| 411| 218| 236| 481| 378| 173| 34| 75| 395| 410| 376| 106| 477| 83| 152| 258| 32| 263| 1| 304| 454| 105| 106| 269| 211| 426| 464| 154| 431| 176| 379| 87| 395| 362| 315| 272| 34| 349| 94| 429| 4| 216| 281| 481| 299| 179| 238| 331| 443| 239| 382| 142| 345| 488| 411| 302| 414| 374| 202| 90| 50| 81| 424| 191| 443| 238| 209| 477| 334| 303| 151| 338| 18| 432| 65| 318| 111| 303| 395| 300| 289| 276| 188| 380| 264| 345| 181| 177| 219| 383| 13| 15| 210| 437| 453| 152| 175| 161| 375| 255| 211| 272| 339| 229| 451| 404| 293| 308|

SORTED ARRAY : |1| 4| 4| 13| 15| 18| 32| 34| 34| 45| 50| 56| 65| 69| 75| 81| 83| 87| 90| 94| 104| 105| 105| 106| 106| 111| 142| 151| 152| 152| 154| 161| 173| 175| 176| 177| 179| 181| 188| 190| 191| 202| 209| 210| 211| 211| 213| 216| 218| 219| 229| 236| 238| 238| 239| 255| 258| 263| 264| 269| 272| 272| 272| 276| 281| 282| 289| 293| 299| 300| 302| 303| 303| 304| 308| 315| 318| 320| 321| 331| 334| 338| 339| 345| 345| 349| 362| 365| 374| 375| 376| 378| 379| 380| 382| 383| 395| 395| 395| 404| 410| 411| 411| 414| 424| 426| 429| 431| 432| 437| 443| 443| 444| 448| 449| 451| 453| 454| 462| 464| 466| 477| 477| 479| 481| 481| 488| 498| END
